﻿Woche;Anzahl Kandidaten;Delta Kandidaten;Anzahl PDLs;Delta PDLs;Kandidat pro PDL;Anzahl User;Delta User;Anzahl User pro PDL
1;10;;5;;2;7;;1,4
2;15;5;7;2;2,1;10;3;1,4
3;30;15;8;1;3,8;12;2;1,5
4;42;12;7;-1;6;12;0;1,7
5;61;19;10;3;6,1;15;3;1,5
6;53;-8;10;0;5,3;16;1;1,6
7;79;26;11;1;7,2;19;3;1,7
8;103;24;12;1;8,6;21;2;1,8
9;95;-8;10;-2;9,5;21;0;2,1
10;123;28;11;1;11,2;20;-1;1,8
